N = 12
A = 
-3.46410162 -0.33087015 2.43077119 -0.25209213 0.10960984 1.58248112 -0.90923240 -0.59163666 0.18760323 -0.32986996 -1.19276461 -0.20487651
-0.35882895 -3.46410162 -1.66478853 -0.70017904 1.15139101 1.85733101 -1.51117956 0.64484751 -0.98060789 -0.85685315 -0.87187918 -0.42250793
0.99643983 0.71242127 -3.46410162 -0.36331088 0.00328884 -0.10593044 0.79305332 -0.63157163 -0.00619491 -0.10106761 -0.05230815 0.24921766
0.19766009 1.33484857 -0.08687561 -3.46410162 -0.30585302 -0.47773142 0.10073819 0.35543847 0.26961241 1.29196338 1.13934298 0.49444040
-0.33633626 -0.10061435 1.41339802 0.22125412 -3.46410162 -0.68956523 -0.57751323 1.15220477 -0.10716398 2.26010677 0.65661947 0.12480683
-0.43570392 0.97217931 -0.24071114 -0.82412345 0.56813272 -3.46410162 1.18906073 -0.07359332 -2.85968797 0.78936640 -1.87774088 1.53875615
1.82136474 -0.42703139 -1.16470191 -1.39707402 0.87265462 -0.20211818 -3.46410162 -0.24341970 2.08851469 0.34691933 0.74572695 0.77690759
1.01842113 1.06135144 -0.71046645 -0.21518780 -0.76076031 -0.71116323 1.14150774 -3.46410162 -0.07915136 -0.69282634 -0.59340277 0.78823794
-0.44542999 -0.48212019 0.49355766 0.50048733 0.79242262 0.17076445 -1.75374086 0.63029648 -3.46410162 1.01813761 -0.84646862 2.52080763
-1.23238611 0.72695326 0.04595522 -0.48713265 0.81613236 -0.28143012 -2.33562182 -1.16727845 0.45765807 -3.46410162 -1.48125920 -0.01694532
1.45073354 0.60687032 -0.37562084 -1.42192455 -1.78115130 -0.74790579 -0.36840953 -2.24911813 -1.69367504 0.30364847 -3.46410162 -0.75483059
-0.40751917 -0.81262476 0.92751621 1.63995407 2.07361553 0.70979786 0.74715259 1.46309548 1.73844881 1.46520488 1.21228341 -3.46410162
equilibrium = 
10.57804896
9.40620747
10.46450969
10.13572668
9.45096018
9.41139386
9.85162229
9.17873928
10.55409368
10.47247440
10.21967809
9.55966778
